{
  "advancedEditorSelectedIdentifier" : "ProjectBrowser",
  "openSceneRelativePaths" : [
    "_GridMaterial.usda"
  ],
  "recentIdentifiers" : {
    "26DBAE76-5DD8-47B6-A085-1B4ADA111097" : [

    ],
    "60EFCCB9-7EFE-47A1-BEC7-F79538E0A9FC" : [

    ],
    "D58FA07A-7DB7-4EF5-938C-DFC48C010E17" : [

    ]
  },
  "sceneCameraHistory" : {
    "6FEDAE82-F4F0-4F3B-9ABC-2B7A68E20E89" : [
      {
        "date" : 730607236.828417,
        "title" : "Untitled",
        "transform" : [
          0.99999994,
          0,
          -0,
          0,
          -0,
          0.8660254,
          -0.49999988,
          0,
          0,
          0.49999988,
          0.8660254,
          0,
          0,
          0.19553216,
          0.33867165,
          1
        ]
      }
    ],
    "26DBAE76-5DD8-47B6-A085-1B4ADA111097" : [
      {
        "date" : 730470921.268024,
        "title" : "Untitled",
        "transform" : [
          0.99999994,
          0,
          0,
          0,
          0,
          0.8660254,
          -0.49999994,
          0,
          0,
          0.49999994,
          0.8660254,
          0,
          0.0037074462,
          0.55888623,
          0.6043358,
          1
        ]
      },
      {
        "date" : 730470839.037874,
        "title" : "Untitled",
        "transform" : [
          0.99999994,
          0,
          0,
          0,
          0,
          0.8660254,
          -0.49999994,
          0,
          0,
          0.49999994,
          0.8660254,
          0,
          0.009797759,
          0.6872324,
          0.53023505,
          1
        ]
      },
      {
        "date" : 730470818.266246,
        "title" : "Untitled",
        "transform" : [
          0.99999994,
          0,
          0,
          0,
          0,
          0.8660254,
          -0.49999994,
          0,
          0,
          0.49999994,
          0.8660254,
          0,
          -0.031003857,
          0.51379734,
          0.9903654,
          1
        ]
      },
      {
        "date" : 730470752.974195,
        "title" : "Untitled",
        "transform" : [
          0.99999994,
          0,
          -0,
          0,
          -0,
          0.8660254,
          -0.49999994,
          0,
          0,
          0.49999994,
          0.8660254,
          0,
          -2.3589877e-08,
          0.80426955,
          0.8226611,
          1
        ]
      },
      {
        "date" : 730470748.20902,
        "title" : "Untitled",
        "transform" : [
          0.99999994,
          0,
          -0,
          0,
          -0,
          0.8660254,
          -0.49999994,
          0,
          0,
          0.49999994,
          0.8660254,
          0,
          -2.0884795e-07,
          0.8042684,
          0.8226594,
          1
        ]
      },
      {
        "date" : 730470692.447799,
        "title" : "Untitled",
        "transform" : [
          0.99999994,
          0,
          -0,
          0,
          -0,
          0.8660254,
          -0.49999994,
          0,
          0,
          0.49999994,
          0.8660254,
          0,
          -9.736631e-05,
          0.80356354,
          0.82182103,
          1
        ]
      },
      {
        "date" : 730470674.419664,
        "title" : "Untitled",
        "transform" : [
          0.99999994,
          0,
          0,
          0,
          0,
          0.8660254,
          -0.49999994,
          0,
          0,
          0.49999994,
          0.8660254,
          0,
          -0.031064706,
          0.57797456,
          0.5528482,
          1
        ]
      },
      {
        "date" : 730465251.07532,
        "title" : "Untitled",
        "transform" : [
          0.99999994,
          0,
          -0,
          0,
          -0,
          0.8660254,
          -0.49999994,
          0,
          0,
          0.49999994,
          0.8660254,
          0,
          4.622052e-09,
          0.13289316,
          0.27232435,
          1
        ]
      },
      {
        "date" : 730465230.44074,
        "title" : "Untitled",
        "transform" : [
          0.99999994,
          0,
          -0,
          0,
          -0,
          0.8660254,
          -0.49999994,
          0,
          0,
          0.49999994,
          0.8660254,
          0,
          2.2348911e-05,
          0.24574769,
          0.42560342,
          1
        ]
      },
      {
        "date" : 730465143.610927,
        "title" : "Untitled",
        "transform" : [
          0.99999994,
          0,
          0,
          0,
          0,
          0.8660254,
          -0.49999994,
          0,
          0,
          0.49999994,
          0.8660254,
          0,
          0.007239014,
          0.19103244,
          0.31659922,
          1
        ]
      }
    ],
    "29FFA1D6-4519-4018-AA62-771670E449D3" : [
      {
        "date" : 730509378.480321,
        "title" : "Untitled",
        "transform" : [
          0.9999987,
          1.3553473e-09,
          0.0016542885,
          0,
          0.0013677933,
          0.56247014,
          -0.8268165,
          0,
          -0.0009304892,
          0.8268176,
          0.5624693,
          0,
          -0.007996852,
          7.105944,
          4.834047,
          1
        ]
      },
      {
        "date" : 730509361.446702,
        "title" : "Untitled",
        "transform" : [
          0.99893117,
          1.3399436e-09,
          -0.04622349,
          0,
          -0.04587159,
          0.123158716,
          -0.9913263,
          0,
          0.0056928233,
          0.99238694,
          0.123027064,
          0,
          0.05481471,
          9.555427,
          1.1845937,
          1
        ]
      },
      {
        "date" : 730509340.814614,
        "title" : "Untitled",
        "transform" : [
          0.99893093,
          1.3399433e-09,
          -0.04622348,
          0,
          -0.04587158,
          0.123158686,
          -0.99132603,
          0,
          0.005692823,
          0.9923868,
          0.12302705,
          0,
          0.0515661,
          8.989113,
          1.1143894,
          1
        ]
      },
      {
        "date" : 730509318.29135,
        "title" : "Untitled",
        "transform" : [
          0.99999994,
          0,
          0,
          0,
          0,
          0.8660254,
          -0.49999988,
          0,
          0,
          0.49999988,
          0.8660254,
          0,
          0,
          4.5290346,
          7.844523,
          1
        ]
      },
      {
        "date" : 730509311.613841,
        "title" : "Untitled",
        "transform" : [
          0.99999994,
          0,
          0,
          0,
          0,
          0.8660254,
          -0.49999988,
          0,
          0,
          0.49999988,
          0.8660254,
          0,
          0,
          3.819247,
          6.615134,
          1
        ]
      },
      {
        "date" : 730509296.330396,
        "title" : "Untitled",
        "transform" : [
          0.99999994,
          0,
          -0,
          0,
          -0,
          0.8660254,
          -0.49999988,
          0,
          0,
          0.49999988,
          0.8660254,
          0,
          0,
          0.19553216,
          0.33867165,
          1
        ]
      }
    ],
    "60EFCCB9-7EFE-47A1-BEC7-F79538E0A9FC" : [
      {
        "date" : 730607215.391196,
        "title" : "Untitled",
        "transform" : [
          0.9739759,
          9.396443e-10,
          -0.22665155,
          0,
          -0.12505226,
          0.8340176,
          -0.53737944,
          0,
          0.18903133,
          0.5517379,
          0.81231296,
          0,
          -0.4461439,
          2.4729657,
          -1.9959395,
          1
        ]
      },
      {
        "date" : 730607213.339423,
        "title" : "Untitled",
        "transform" : [
          0.9739759,
          9.396443e-10,
          -0.22665155,
          0,
          -0.12505226,
          0.8340176,
          -0.53737944,
          0,
          0.18903133,
          0.5517379,
          0.81231296,
          0,
          7.0694666,
          24.40924,
          30.300625,
          1
        ]
      },
      {
        "date" : 730499138.877917,
        "title" : "Untitled",
        "transform" : [
          0.9739759,
          9.396443e-10,
          -0.22665155,
          0,
          -0.12505226,
          0.8340176,
          -0.53737944,
          0,
          0.18903133,
          0.5517379,
          0.81231296,
          0,
          0.95018077,
          6.5484548,
          4.004527,
          1
        ]
      },
      {
        "date" : 730499124.028879,
        "title" : "Untitled",
        "transform" : [
          0.9739759,
          9.396443e-10,
          -0.22665155,
          0,
          -0.12505226,
          0.8340176,
          -0.53737944,
          0,
          0.18903133,
          0.5517379,
          0.81231296,
          0,
          0.90635586,
          5.5676613,
          4.680898,
          1
        ]
      },
      {
        "date" : 730495098.826549,
        "title" : "Untitled",
        "transform" : [
          0.9739759,
          9.396443e-10,
          -0.22665155,
          0,
          -0.12505226,
          0.8340176,
          -0.53737944,
          0,
          0.18903133,
          0.5517379,
          0.81231296,
          0,
          1.7119884,
          6.4443665,
          3.8979473,
          1
        ]
      },
      {
        "date" : 730494166.394455,
        "title" : "Untitled",
        "transform" : [
          0.9739759,
          9.396443e-10,
          -0.22665155,
          0,
          -0.12505226,
          0.8340176,
          -0.53737944,
          0,
          0.18903133,
          0.5517379,
          0.81231296,
          0,
          1.0934706,
          6.5186887,
          3.9914007,
          1
        ]
      },
      {
        "date" : 730484960.448034,
        "title" : "Untitled",
        "transform" : [
          0.9739759,
          9.396443e-10,
          -0.22665155,
          0,
          -0.12505226,
          0.8340176,
          -0.53737944,
          0,
          0.18903133,
          0.5517379,
          0.81231296,
          0,
          0.10595263,
          0.64040077,
          0.70963943,
          1
        ]
      },
      {
        "date" : 730484780.859104,
        "title" : "Untitled",
        "transform" : [
          0.9739759,
          9.396443e-10,
          -0.22665155,
          0,
          -0.12505226,
          0.8340176,
          -0.53737944,
          0,
          0.18903133,
          0.5517379,
          0.81231296,
          0,
          0.110157795,
          0.6123555,
          0.7277098,
          1
        ]
      },
      {
        "date" : 730484752.228477,
        "title" : "Untitled",
        "transform" : [
          0.9739759,
          9.396443e-10,
          -0.22665155,
          0,
          -0.12505226,
          0.8340176,
          -0.53737944,
          0,
          0.18903133,
          0.5517379,
          0.81231296,
          0,
          0.024436459,
          0.13583969,
          0.1614289,
          1
        ]
      },
      {
        "date" : 730484692.796979,
        "title" : "Untitled",
        "transform" : [
          0.9739759,
          9.396443e-10,
          -0.22665155,
          0,
          -0.12505226,
          0.8340176,
          -0.53737944,
          0,
          0.18903133,
          0.5517379,
          0.81231296,
          0,
          0.24970984,
          1.3881105,
          1.6496,
          1
        ]
      }
    ],
    "D58FA07A-7DB7-4EF5-938C-DFC48C010E17" : [
      {
        "date" : 730607221.615513,
        "title" : "Untitled",
        "transform" : [
          0.9999447,
          -1.3990864e-10,
          0.010512527,
          0,
          0.007565842,
          0.6942875,
          -0.7196579,
          0,
          -0.007298717,
          0.7196977,
          0.69424915,
          0,
          0.00027822662,
          0.26382655,
          0.26111272,
          1
        ]
      },
      {
        "date" : 730501885.244164,
        "title" : "Untitled",
        "transform" : [
          0.9999447,
          -1.3990864e-10,
          0.010512527,
          0,
          0.007565842,
          0.6942875,
          -0.7196579,
          0,
          -0.007298716,
          0.71969765,
          0.6942491,
          0,
          0.0116303405,
          11.028392,
          10.914949,
          1
        ]
      },
      {
        "date" : 730484745.07355,
        "title" : "Untitled",
        "transform" : [
          0.99999994,
          0,
          0,
          0,
          0,
          0.8660254,
          -0.49999988,
          0,
          0,
          0.49999988,
          0.8660254,
          0,
          0.03620317,
          2.17317,
          3.8775258,
          1
        ]
      },
      {
        "date" : 730471461.533709,
        "title" : "Untitled",
        "transform" : [
          0.99999994,
          0,
          0,
          0,
          0,
          0.8660254,
          -0.49999988,
          0,
          0,
          0.49999988,
          0.8660254,
          0,
          -0.007508382,
          0.5597413,
          0.4462905,
          1
        ]
      },
      {
        "date" : 730471334.743731,
        "title" : "Untitled",
        "transform" : [
          0.99999994,
          0,
          0,
          0,
          0,
          0.8660254,
          -0.49999988,
          0,
          0,
          0.49999988,
          0.8660254,
          0,
          0.025878266,
          0.55010384,
          0.4518546,
          1
        ]
      },
      {
        "date" : 730471314.897178,
        "title" : "Untitled",
        "transform" : [
          0.99999994,
          0,
          -0,
          0,
          -0,
          0.8660254,
          -0.49999988,
          0,
          0,
          0.49999988,
          0.8660254,
          0,
          0,
          0.19553216,
          0.33867165,
          1
        ]
      }
    ]
  },
  "selectedSceneRelativePath" : "TrashBinSolid.usda"
}